11644757019161683968.000000 
3562158193841.488770 
-0.000000 
-0.000000 
-38066901349099144742961152.000000 
21886656.379110 
4697830274756465131520.000000 
38066912993856159762874368.000000 
-8829707376.614492 
2701.027976 
-94358443442489775882240.000000 
1089672.457491 
8829707376.614492 
54251.597140 
-1437077182371730.000000 
-38066912993856146877972480.000000 
-21886656.379110 
-233891197061091426304.000000 
-0.000000 
1089672.124157 
-38066912993852560580280320.000000 
-28864466807997932.000000 
0.333333 
1089672.457491 
-2701.027976 
38066912993856146877972480.000000 
579758313840166912.000000 
-3562158193841.487793 
28864466368392700.000000 
-21886656.379110 
0.000000 
-0.000000 
-1437077182371730.000000 
-4697830274756466180096.000000 
-1437077182371732.500000 
-0.000000 
28864466807997960.000000 
94346798685470494556160.000000 
11644757019161681920.000000 
-11644757019161710592.000000 
11644757019161698304.000000 
-579758313400561152.000000 
-71547859928632.000000 
-38066912993856155467907072.000000 
3562158193841.489746 
-0.000000 
0.000000 
-0.000002 
-8390102131.786753 
0.000000 
2701.027976 
-0.000000 
71547859874387.031250 
-0.000000 
0.000000 
4697828837679283830784.000000 
0.000000 
1895239999778644362788864.000000 
-0.000000 
-4697830274756437868544.000000 
0.000000 
-0.000002 
0.000000 
439605110.351474 
-1895239999778646778707968.000000 
6.695179 
-8829707376.614452 
0.000000 
-21886656.379110 
0.000000 
-1089672.457491 
-21886656.362514 
439605244.827738 
-127.781086 
-28864466807943680.000000 
-71547859928638.687500 
54251.597140 
579758313840166400.000000 
1437077182371731.500000 
1895006108581571548151808.000000 
2701.011380 
-1895239999775080076804096.000000 
-177349413533.932861 
0.000000 
2701.027976 
-21886656.379110 
177349413533.932892 
0.000002 
-6.361846 
1437077182371733.750000 
2701.027976 
-177348323861.475403 
-0.016596 
0.000041 
-0.000826 
-579758313840166912.000000 
38062215163581326774239232.000000 
-6.694353 
-94358443442489826213888.000000 
54251.597140 
time: 0.019503600000