-2 15
-10 10
-16 -17
-13 -17
20 15
-8 6
-14 17
-11 20
8 -10
-12 3
18 -14
-9 5
-14 8
-19 4
12 -11
20 2
6 -16
16 8
-5 -18
0 5
20 10
13 -8
-5 0
-19 5
3 -7
2 20
-2 14
10 -2
7 13
6 -20
-19 -6
-5 -10
12 -5
17 -12
12 -9
-10 -13
-16 13
15 18
-8 15
15 -13
-3 15
14 7
11 1
20 1
-16 10
-18 -19
-4 -4
-4 -9
8 7
-20 -9
-10 3
-14 -18
4 11
-5 -12
-18 -7
12 17
-19 -16
-11 19
-8 -16
17 6
-12 -7
-4 -20
-19 -15
2 7
19 -6
-14 1
8 -3
-17 -12
6 -9
-13 -10
5 -10
6 -1
-15 7
2 1
13 4
11 -20
-20 4
-19 14
-12 12
16 19
-1 3
19 10
9 -9
-4 -4
-18 3
6 -19
-15 9
-10 -4
1 0
-17 12
-10 3
9 5
-1 -15
-6 -3
-2 -11
14 1
17 20
1 -2
18 -1
-5 4
